230.2680188
2590.17934
4013.631922
4791.374459
5130.287806
5176.92902
5034.536524
4775.304533
4449.235793
4090.520225
3722.125374
3359.09501
3010.915028
2683.206428
2378.933254
2099.261281
1844.165601
1612.857956
1404.084973
1216.334169
1047.974309
897.3492009
762.8386833
642.8966269
642.8966269
2564.40695
3581.158795
4136.689178
4378.77014
4412.085293
4310.376367
4125.21066
3892.304417
3636.079011
3372.939832
3113.632429
2864.932441
2630.85487
2413.516889
2213.751194
2031.539994
1866.320247
1717.196688
1583.088971
1462.831928
1355.242565
1259.163624
1173.490726
1173.490726
2243.520755
3056.922231
3501.346537
3695.011307
3721.663429
3640.296289
3492.163723
3305.838728
3100.858404
2890.34706
2682.901138
2483.941148
2296.679091
2122.808706
1962.99615
1817.22719
1685.051393
1565.752545
1458.466372
1362.260737
1276.189247
1199.326094
1130.787776
1130.787776
2336.520755
3149.922231
3594.346537
3788.011307
3814.663429
3733.296289
3585.163723
3398.838728
3193.858404
2983.34706
2775.901138
2576.941148
2389.679091
2215.808706
2055.99615
1910.22719
1778.051393
1658.752545
1551.466372
1455.260737
1369.189247
1292.326094
1223.787776
1223.787776
2429.520755
3242.922231
3687.346537
3881.011307
3907.663429
3826.296289
3678.163723
3491.838728
3286.858404
3076.34706
2868.901138
2669.941148
2482.679091
2308.808706
2148.99615
2003.22719
1871.051393
1751.752545
1644.466372
1548.260737
1462.189247
1385.326094
1316.787776
1316.787776
2522.520755
3335.922231
3780.346537
3974.011307
4000.663429
3919.296289
3771.163723
3584.838728
3379.858404
3169.34706
2961.901138
2762.941148
2575.679091
2401.808706
2241.99615
2096.22719
1964.051393
1844.752545
1737.466372
1641.260737
1555.189247
1478.326094
1409.787776
1409.787776
2615.520755
3428.922231
3873.346537
4067.011307
4093.663429
4012.296289
3864.163723
3677.838728
3472.858404
3262.34706
3054.901138
2855.941148
2668.679091
2494.808706
2334.99615
2189.22719
2057.051393
1937.752545
1830.466372
1734.260737
1648.189247
1571.326094
1502.787776
1502.787776
2708.520755
3521.922231
3966.346537
4160.011307
4186.663429
4105.296289
3957.163723
3770.838728
3565.858404
3355.34706
3147.901138
2948.941148
2761.679091
2587.808706
2427.99615
2282.22719
2150.051393
2030.752545
1923.466372
1827.260737
1741.189247
1664.326094
1595.787776
1595.787776
2746.854088
3560.255564
4004.67987
4198.34464
4224.996763
4143.629622
3995.497056
3809.172062
3604.191737
3393.680394
3186.234471
2987.274481
2800.012425
2626.142039
2466.329483
2320.560523
2188.384726
2069.085878
1961.799705
1865.594071
1779.52258
1702.659427
1634.121109
1634.121109
2785.187421
3598.588897
4043.013204
4236.677973
4263.330096
4181.962955
4033.830389
3847.505395
3642.52507
3432.013727
3224.567805
3025.607815
2838.345758
2664.475372
2504.662817
2358.893857
2226.71806
2107.419212
2000.133038
1903.927404
1817.855914
1740.992761
1672.454443
1672.454443
2823.520755
3636.922231
4081.346537
4275.011307
4301.663429
4220.296289
4072.163723
3885.838728
3680.858404
3470.34706
3262.901138
3063.941148
2876.679091
2702.808706
2542.99615
2397.22719
2265.051393
2145.752545
2038.466372
1942.260737
1856.189247
1779.326094
1710.787776
1710.787776
2861.854088
3675.255564
4119.67987
4313.34464
4339.996763
4258.629622
4110.497056
3924.172062
3719.191737
3508.680394
3301.234471
3102.274481
2915.012425
2741.142039
2581.329483
2435.560523
2303.384726
2184.085878
2076.799705
1980.594071
1894.52258
1817.659427
1749.121109
1749.121109
2900.187421
3713.588897
4158.013204
4351.677973
4378.330096
4296.962955
4148.830389
3962.505395
3757.52507
3547.013727
3339.567805
3140.607815
2953.345758
2779.475372
2619.662817
2473.893857
2341.71806
2222.419212
2115.133038
2018.927404
1932.855914
1855.992761
1787.454443
1787.454443
2938.520755
3751.922231
4196.346537
4390.011307
4416.663429
4335.296289
4187.163723
4000.838728
3795.858404
3585.34706
3377.901138
3178.941148
2991.679091
2817.808706
2657.99615
2512.22719
2380.051393
2260.752545
2153.466372
2057.260737
1971.189247
1894.326094
1825.787776
1820
1814.212224
1808.424448
1802.636672
1796.848896
1791.061119
1785.273343
1779.485567
1773.697791
1767.910015
1762.122239
1756.334463
1750.546687
1744.758911
1738.971134
1733.183358
1727.395582
1721.607806
1715.82003
1710.032254
1704.244478
1698.456702
1692.668926
1686.88115
1681.093373
1675.305597
1669.517821
1663.730045
1657.942269
1652.154493
1646.366717
1640.578941
1634.791165
1629.003388
1623.215612
1617.427836
1611.64006
1605.852284
1600.064508
1594.276732
1588.488956
1582.70118
1576.913403
1571.125627
1565.337851
1559.550075
1553.762299
1547.974523
1542.186747
1536.398971
1530.611195
1524.823418
1519.035642
1513.247866
1507.46009
1501.672314
1495.884538
1490.096762
1484.308986
1478.52121
1472.733434
1466.945657
1461.157881
1455.370105
1449.582329
1443.794553
1438.006777
1432.219001
1426.431225
1420.643449
1414.855672
1409.067896
1403.28012
1397.492344
1391.704568
1385.916792
1380.129016
1374.34124
1368.553464
1362.765687
1356.977911
1351.190135
1345.402359
1339.614583
1333.826807
1328.039031
1322.251255
1316.463479
1310.675702
1304.887926
1299.10015
1293.312374
1287.524598
1281.736822
1275.949046
1270.16127
1264.373494
1258.585717
1252.797941
1247.010165
1241.222389
1235.434613
1229.646837
1223.859061
1218.071285
1212.283509
1206.495733
1200.707956
1194.92018
1189.132404
1183.344628
1177.556852
1171.769076
1165.9813
1160.193524
1154.405748
1148.617971
1142.830195
1137.042419
1131.254643
1125.466867
1119.679091
1113.891315
1108.103539
1102.315763
1096.527986
1090.74021
1084.952434
1079.164658
1073.376882
1067.589106
1061.80133
1056.013554
1050.225778
1044.438001
1038.650225
1032.862449
1027.074673
1021.286897
1015.499121
1009.711345
1003.923569
998.1357926
992.3480165
986.5602404
980.7724643
974.9846882
969.1969121
963.409136
957.6213599
951.8335838
946.0458076
940.2580315
934.4702554
928.6824793
922.8947032
917.1069271
911.319151
905.5313749
899.7435988
893.9558227
888.1680466
882.3802705
876.5924943
870.8047182
865.0169421
859.229166
853.4413899
847.6536138
841.8658377
836.0780616
830.2902855
824.5025094
818.7147333
812.9269572
807.139181
801.3514049
795.5636288
789.7758527
783.9880766
778.2003005
772.4125244
766.6247483
760.8369722
755.0491961
749.26142
743.4736439
737.6858677
731.8980916
726.1103155
720.3225394
714.5347633
708.7469872
702.9592111
697.171435
691.3836589
685.5958828
679.8081067
674.0203306
668.2325544
662.4447783
656.6570022
650.8692261
645.08145
639.2936739
633.5058978
627.7181217
621.9303456
616.1425695
610.3547934
604.5670173
598.7792411
592.991465
587.2036889
581.4159128
575.6281367
569.8403606
564.0525845
558.2648084
552.4770323
546.6892562
540.9014801
535.113704
529.3259278
523.5381517
517.7503756
511.9625995
506.1748234
500.3870473
494.5992712
488.8114951
483.023719
477.2359429
471.4481668
465.6603907
459.8726145
454.0848384
448.2970623
442.5092862
436.7215101
430.933734
425.1459579
419.3581818
413.5704057
407.7826296
401.9948535
396.2070774
390.4193012
384.6315251
378.843749
373.0559729
367.2681968
361.4804207
355.6926446
349.9048685
344.1170924
338.3293163
332.5415402
326.7537641
320.965988
315.1782118
309.3904357
303.6026596
297.8148835
292.0271074
286.2393313
280.4515552
274.6637791
268.876003
263.0882269
257.3004508
251.5126747
245.7248985
239.9371224
234.1493463
228.3615702
222.5737941
216.786018
210.9982419
205.2104658
199.4226897
193.6349136
187.8471375
182.0593614
176.2715852
170.4838091
164.696033
158.9082569
153.1204808
147.3327047
141.5449286
135.7571525
129.9693764
124.1816003
118.3938242
112.6060481
106.8182719
101.0304958
95.24271973
89.45494362
83.66716751
77.8793914
72.09161529
66.30383919
60.51606308
54.72828697
48.94051086
43.15273475
37.36495864
31.57718254
25.78940643
20.00163032
14.21385421
8.426078102
2.638301994