0
3.494555646
5.386036772
5.515079667
5.118357157
4.629139713
4.158820265
3.73000624
3.344019756
2.997673487
2.687133702
2.408749853
2.159203248
1.935509041
1.734989493
1.55524382
1.394119871
1.249688396
1.120220155
1.004164859
0.900132943
0.806878795
0.723285795
0.648353067
0.581183379
0.52097253
0.46699957
0.418618189
0.375249154
0.336373201
0.301524783
0.270286657
0.242284869
0.217184052
0.194683689
0.174514373
0.156434607
0.140227913
0.125700231
0.112677641
0.101004182
0.090540111
0.081160118
0.072751903
0.065214775
0.058458442
0.05240215
0.046973272
0.042106823
0.037744538
0.033834187
0.03032895
0.027186859
0.024370288
0.021845513
0.019582319
0.017553553
0.015735013
0.014104861
0.012643592
0.011333711
0.010159533
0.009107003
0.008163511
0.007317771
0.006559644
0.005880062
0.005270885
0.004724819
0.004235325
0.003796546
0.003403229
0.003050642
0.00273459
0.002451288
0.002197336
0.001969692
0.001765631
0.001582711
0.001418745
0.001271782
0.001140031
0.001021909
0.000916031
0.000821129
0.00073606
0.000659804
0.000591448
0.000530172
0.000475254
0.000426032
0.000381881
0.000342315
0.00030685
0.00027506
0.000246564
0.00022102
0.000198122
0.000177596
0.000159197
0.000142704
0.00012792
0.000114668
0.000102788
9.21392E-05
8.25936E-05
7.4037E-05
6.63668E-05
5.94913E-05
5.3328E-05
4.78032E-05
4.28508E-05
3.84115E-05
3.44321E-05
3.0865E-05
2.76674E-05
2.4801E-05
2.22317E-05
1.99285E-05
1.78639E-05
1.60133E-05
1.43543E-05
1.28673E-05
1.15342E-05
1.03393E-05
9.26816E-06
8.308E-06
7.44731E-06
6.67582E-06
5.98422E-06
5.36429E-06
4.80857E-06
4.31041E-06
3.86388E-06
3.46359E-06
3.10477E-06
2.78314E-06
2.49483E-06
2.2364E-06
2.00474E-06
1.79708E-06
1.61092E-06
1.44406E-06
1.29447E-06
1.16038E-06
1.04017E-06
9.32429E-07
8.35835E-07
7.49271E-07
6.71661E-07
6.02103E-07
5.39753E-07
4.83847E-07
4.33749E-07
3.88818E-07
3.48553E-07
3.12452E-07
2.80088E-07
2.51082E-07
2.25074E-07
2.01767E-07
1.80868E-07
1.62146E-07
1.45369E-07
1.30316E-07
1.16838E-07
1.04763E-07
9.39233E-08
8.42157E-08