0
0.002942463
0.011535043
0.025437001
0.044323044
0.067882711
0.095818028
0.127846173
0.163695502
0.203108247
0.245837048
0.291647235
0.340313827
0.391623449
0.445371738
0.501364935
0.559417664
0.619354041
0.681005663
0.744215924
0.80883013
0.874705141
0.941706013
1.009699665
1.078564787
1.148185049
1.218446935
1.289247845
1.360487858
1.432071115
1.503910918
1.575921941
1.648024046
1.720144104
1.792209837
1.864154889
1.935917795
2.007437964
2.078660958
2.149535401
2.220010487
2.290042196
2.359589854
2.428612795
2.497071286
2.564932413
2.632166221
2.698742761
2.764632462
2.829810681
2.894256189
2.957947818
3.020864522
3.082988542
3.144305689
3.204801943
3.264463309
3.323277799
3.381236848
3.438332211
3.494555646
3.549900011
3.604361192
3.65793557
3.710619529
3.762409988
3.81330632
3.863308576
3.912416803
3.960631286
4.00795412
4.054388219
4.0999365
4.144601926
4.188388611
4.23130182
4.273346868
4.314529067
4.354853798
4.39432749
4.432957334
4.470750532
4.507714288
4.543855838
4.579183093
4.613704513
4.647428564
4.680363716
4.712518452
4.743901663
4.774522592
4.804390487
4.833514595
4.861904169
4.889568684
4.916517795
4.942761152
4.968308407
4.993169213
5.017353318
5.040870505
5.063730542
5.085943196
5.107518237
5.128465447
5.148794527
5.168515146
5.187636975
5.206169683
5.224122908
5.241506113
5.25832871
5.274600114
5.29032974
5.30552697
5.320200914
5.334360589
5.348015012
5.3611732
5.373844168
5.386036772
5.397759551
5.409021009
5.419829648
5.430193974
5.440122474
5.449623359
5.45870457
5.467374041
5.475639705
5.483509495
5.490991295
5.498092616
5.504820796
5.511183171
5.517187077
5.522839849
5.528148711
5.533120483
5.537761901
5.5420797
5.546080614
5.549771376
5.553158512
5.556248201
5.559046586
5.561559812
5.563794023
5.565755347
5.567449624
5.568882436
5.570059361
5.570985973
5.571667848
5.572110517
5.572319168
5.572298839
5.572054566
5.571591385
5.570914334
5.570028351
5.56893804
5.567647931
5.566162555
5.564486445
5.562624128
5.56057997
5.558358061
5.555962462
5.553397235
5.550666442
5.547774133
5.544724138
5.541520094
5.538165629
5.534664374
5.531019957
5.527235976
5.523315777
5.519262596
5.515079667
5.510770222
5.506337496
5.501784655
5.497114626
5.492330283
5.487434498
5.482430147
5.477320102
5.472107125
5.466793782
5.461382622
5.455876192
5.450277041
5.444587709
5.438810588
5.432947939
5.427002014
5.420975067
5.414869353
5.408687105
5.40243039
5.396101198
5.38970152
5.383233345
5.376698663
5.370099421
5.363437409
5.35671438
5.349932087
5.343092283
5.336196722
5.329247085
5.322244928
5.315191794
5.308089225
5.300938762
5.293741944
5.286500216
5.279214935
5.271887455
5.264519131
5.257111316
5.249665353
5.242182479
5.234663882
5.227110749
5.219524266
5.211905621
5.204255976
5.196576392
5.188867909
5.181131566
5.173368401
5.165579454
5.15776572
5.149928116
5.14206755
5.134184931
5.126281164
5.118357157
5.110413759
5.102451764
5.094471964
5.086475151
5.078462116
5.070433646
5.062390463
5.054333255
5.046262714
5.03817953
5.030084392
5.021977975
5.013860895
5.005733751
4.997597144
4.989451673
4.981297939
4.973136517
4.964967934
4.956792709
4.948611365
4.940424423
4.932232402
4.924035793
4.915835047
4.907630613
4.899422937
4.891212467
4.882999651
4.874784924
4.866568674
4.858351283
4.850133131
4.8419146
4.833696069
4.825477917
4.817260489
4.80904411
4.800829102
4.792615788
4.78440449
4.776195532
4.767989221
4.759785836
4.75158565
4.743388934
4.735195963
4.727007009
4.718822343
4.710642206
4.70246683
4.694296445
4.68613128
4.677971567
4.669817535
4.661669399
4.653527356
4.645391599
4.63726232
4.629139713
4.621023972
4.612915286
4.604813824
4.596719747
4.588633216
4.580554395
4.572483444
4.564420525
4.556365786
4.548319363
4.54028139
4.532252002
4.524231333
4.516219519
4.50821669
4.500222962
4.492238445
4.484263249
4.476297485
4.468341261
4.46039469
4.452457877
4.444530918
4.436613901
4.428706913
4.420810043
4.41292338
4.405047011
4.397181025
4.389325497
4.3814805
4.373646101
4.365822372
4.358009382
4.350207201
4.3424159
4.33463554
4.326866178
4.319107867
4.311360663
4.303624619
4.295899792
4.288186234
4.280483997
4.272793124
4.265113657
4.257445637
4.249789106
4.242144106
4.234510678
4.226888863
4.219278694
4.211680201
4.204093415
4.196518368
4.188955091
4.181403614
4.173863967
4.166336177
4.158820265
4.151316252
4.143824161
4.136344015
4.128875834
4.121419642
4.113975456
4.10654329
4.09912316
4.091715081
4.084319066
4.07693513
4.069563289
4.062203554
4.054855935
4.04752044
4.040197076
4.032885853
4.025586778
4.01829986
4.011025107
4.003762524
3.996512113
3.989273879
3.982047823
3.974833948
3.967632258
3.960442755
3.953265441
3.946100317
3.938947379
3.931806628
3.924678061
3.917561677
3.910457474
3.90336545
3.896285604
3.88921793
3.882162423
3.875119079
3.868087891
3.861068855
3.854061966
3.847067218
3.840084605
3.833114119
3.826155753
3.819209497
3.812275344
3.805353286
3.798443314
3.791545421
3.784659597
3.777785832
3.770924115
3.764074436
3.757236784
3.750411149
3.743597521
3.736795888
3.73000624
3.723228563
3.716462846
3.709709076
3.702967241
3.696237328
3.689519325
3.68281322
3.676118999
3.669436648
3.662766153
3.6561075
3.649460677
3.642825668
3.63620246
3.629591039
3.62299139
3.616403497
3.609827347
3.603262923
3.596710211
3.590169197
3.583639864
3.577122197
3.570616181
3.564121799
3.557639036
3.551167876
3.544708302
3.5382603
3.531823852
3.525398943
3.518985555
3.512583673
3.506193279
3.499814358
3.493446891
3.487090864
3.480746259
3.474413058
3.468091245
3.461780803
3.455481714
3.449193962
3.442917529
3.436652398
3.430398551
3.424155972
3.417924643
3.411704545
3.405495662
3.399297976
3.39311147
3.386936126
3.380771925
3.374618852
3.368476886
3.362346012
3.356226211
3.350117465
3.344019756
3.337933067
3.331857379
3.325792675
3.319738937
3.313696146
3.307664285
3.301643335
3.295633279
3.289634099
3.283645776
3.277668293
3.271701632
3.265745773
3.2598007
3.253866395
3.247942838
3.242030012
3.236127899
3.230236481
3.224355739
3.218485656
3.212626213
3.206777392
3.200939176
3.195111546
3.189294484
3.183487971
3.17769199
3.171906523
3.166131551
3.160367057
3.154613022
3.148869429
3.143136258
3.137413493
3.131701116
3.125999107
3.120307449
3.114626124
3.108955114
3.103294402
3.097643968
3.092003796
3.086373867
3.080754163
3.075144667
3.069545359
3.063956224
3.058377242
3.052808395
3.047249667
3.041701039
3.036162494
3.030634013
3.025115578
3.019607173
3.014108779
3.008620378
3.003141953
2.997673487
2.992214961
2.986766358
2.98132766
2.975898851
2.970479911
2.965070823
2.959671571
2.954282136
2.948902501
2.943532648
2.938172561
2.932822222
2.927481613
2.922150716
2.916829516
2.911517993
2.906216131
2.900923913
2.895641321
2.890368338
2.885104948
2.879851132
2.874606874
2.869372156
2.864146961
2.858931273
2.853725073
2.848528346
2.843341074
2.83816324
2.832994827
2.827835818
2.822686197
2.817545946
2.812415048
2.807293487
2.802181246
2.797078308
2.791984656
2.786900274
2.781825145
2.776759252
2.771702579
2.766655108
2.761616824
2.756587709
2.751567747
2.746556922
2.741555217
2.736562617
2.731579103
2.72660466
2.721639271
2.716682921
2.711735592
2.706797268
2.701867933
2.696947572
2.692036166
2.687133702
2.682240162
2.677355529
2.672479789
2.667612924
2.662754919
2.657905758
2.653065425
2.648233903
2.643411177
2.638597231
2.633792049
2.628995615
2.624207913
2.619428927
2.614658641
2.60989704
2.605144108
2.60039983
2.595664189
2.590937171
2.586218759
2.581508937
2.576807691
2.572115005
2.567430862
2.562755247
2.558088145
2.553429541
2.548779419
2.544137763
2.539504559
2.534879791
2.530263444
2.525655503
2.521055951
2.516464775
2.511881959
2.507307486
2.502741343
2.498183514
2.493633984
2.489092738
2.48455976
2.480035037
2.475518554
2.471010294
2.466510243
2.462018387
2.45753471
2.453059197
2.448591834
2.444132605
2.439681496
2.435238491
2.430803577
2.426376739
2.421957963
2.417547232
2.413144534
2.408749853
2.404363174
2.399984484
2.395613767
2.391251009
2.386896195
2.382549311
2.378210342
2.373879275
2.369556095
2.365240787
2.360933338
2.356633732
2.352341957
2.348057997
2.343781838
2.339513466
2.335252867
2.331000026
2.32675493
2.322517564
2.318287914
2.314065967
2.309851708
2.305645124
2.3014462
2.297254923
2.293071279
2.288895253
2.284726832
2.280566001
2.276412748
2.272267057
2.268128916
2.263998311
2.259875228
2.255759654
2.251651574
2.247550976
2.243457846
2.23937217
2.235293934
2.231223125
2.22715973
2.223103734
2.219055124
2.215013887
2.210980008
2.206953476
2.202934277
2.198922396
2.194917823
2.190920542
2.18693054
2.182947805
2.178972324
2.175004082
2.171043067
2.167089265
2.163142663
2.159203248
2.155271007
2.151345927
2.147427995
2.143517197
2.139613522
2.135716956
2.131827486
2.1279451
2.124069784
2.120201526
2.116340313
2.112486131
2.108638968
2.104798811
2.100965647
2.097139464
2.093320248
2.089507988
2.08570267
2.081904282
2.078112812
2.074328246
2.070550573
2.06677978
2.063015854
2.059258783
2.055508554
2.051765154
2.048028572
2.044298794
2.040575809
2.036859603
2.033150164
2.029447482
2.025751542
2.022062333
2.018379843
2.01470406
2.011034971
2.007372564
2.003716826
2.000067747
1.996425313
1.992789512
1.989160332
1.985537761
1.981921787
1.978312398
1.974709582
1.971113327
1.967523622
1.963940454
1.960363812
1.956793684
1.953230058
1.949672921
1.946122264
1.942578072
1.939040335
1.935509041
1.931984178
1.928465733
1.924953696
1.921448054
1.917948797
1.914455912
1.910969388
1.907489213
1.904015377
1.900547867
1.897086672
1.893631781
1.890183182
1.886740864
1.883304815
1.879875023
1.876451478
1.873034167
1.86962308
1.866218204
1.862819528
1.859427042
1.856040734
1.852660593
1.849286607
1.845918766
1.842557059
1.839201474
1.835852001
1.832508627
1.829171343
1.825840137
1.822514997
1.819195913
1.815882873
1.812575867
1.809274883
1.80597991
1.802690937
1.799407954
1.79613095
1.792859913
1.789594834
1.786335701
1.783082504
1.779835231
1.776593873
1.773358418
1.770128855
1.766905174
1.763687364
1.760475414
1.757269313
1.754069051
1.750874616
1.747685999
1.744503189
1.741326174
1.738154946
1.734989493
1.731829804
1.728675871
1.725527681
1.722385225
1.719248492
1.716117472
1.712992154
1.709872527
1.706758582
1.703650308
1.700547695
1.697450731
1.694359407
1.691273712
1.688193636
1.68511917
1.682050302
1.678987023
1.675929324
1.672877193
1.669830621
1.666789597
1.663754112
1.660724155
1.657699717
1.654680786
1.651667354
1.648659411
1.645656945
1.642659947
1.639668407
1.636682314
1.633701659
1.630726432
1.627756623
1.624792222
1.621833219
1.618879605
1.61593137
1.612988505
1.610050999
1.607118843
1.604192027
1.601270542
1.598354377
1.595443524
1.592537972
1.589637712
1.586742734
1.583853028
1.580968584
1.578089394
1.575215446
1.572346732
1.569483242
1.566624966
1.563771895
1.56092402
1.558081331
1.55524382
1.552411476
1.54958429
1.546762253
1.543945356
1.54113359
1.538326944
1.53552541
1.532728978
1.529937639
1.527151384
1.524370203
1.521594087
1.518823027
1.516057013
1.513296036
1.510540086
1.507789155
1.505043233
1.502302312
1.499566383
1.496835436
1.494109463
1.491388455
1.488672402
1.485961295
1.483255127
1.480553887
1.477857566
1.475166157
1.472479649
1.469798034
1.467121302
1.464449445
1.461782454
1.45912032
1.456463033
1.453810585
1.451162968
1.448520171
1.445882188
1.443249008
1.440620624
1.437997027
1.435378208
1.432764159
1.43015487
1.427550334
1.424950541
1.422355483
1.419765151
1.417179537
1.414598632
1.412022427
1.409450914
1.406884084
1.404321928
1.401764438
1.399211604
1.396663418
1.394119871
1.391580955
1.389046662
1.386516984
1.383991913
1.38147144
1.378955557
1.376444255
1.373937528
1.371435366
1.368937762
1.366444706
1.363956192
1.36147221
1.358992753
1.356517812
1.354047379
1.351581447
1.349120005
1.346663048
1.344210566
1.341762551
1.339318995
1.336879889
1.334445226
1.332014998
1.329589195
1.327167811
1.324750836
1.322338263
1.319930083
1.317526288
1.31512687
1.312731821
1.310341132
1.307954796
1.305572804
1.303195149
1.300821823
1.298452818
1.296088127
1.293727743
1.291371656
1.289019861
1.286672348
1.284329111
1.281990142
1.279655433
1.277324976
1.274998764
1.27267679
1.270359044
1.268045521
1.265736211
1.263431108
1.261130204
1.258833491
1.256540961
1.254252607
1.251968421
1.249688396
1.247412523
1.245140796
1.242873206
1.240609745
1.238350407
1.236095184
1.233844067
1.231597049
1.229354123
1.22711528
1.224880514
1.222649816
1.220423179
1.218200596
1.21598206
1.213767563
1.211557099
1.209350661
1.20714824
1.204949831
1.202755425
1.200565016
1.198378596
1.196196158
1.194017695
1.1918432
1.189672666
1.187506085
1.18534345
1.183184754
1.18102999
1.178879151
1.176732229
1.174589218
1.172450109
1.170314896
1.168183572
1.16605613
1.163932561
1.16181286
1.159697019
1.15758503
1.155476887
1.153372582
1.151272109
1.14917546
1.14708263
1.14499361
1.142908394
1.140826976
1.138749348
1.136675505
1.134605438
1.132539141
1.130476608
1.128417832
1.126362805
1.124311521
1.122263974
1.120220155
1.11818006
1.11614368
1.114111009
1.112082041
1.110056768
1.108035183
1.10601728
1.104003052
1.101992493
1.099985594
1.097982351
1.095982755
1.0939868
1.091994479
1.090005786
1.088020713
1.086039255
1.084061405
1.082087157
1.080116504
1.07814944
1.076185958
1.074226052
1.072269715
1.070316942
1.068367725
1.066422059
1.064479936
1.062541351
1.060606296
1.058674766
1.056746754
1.054822254
1.052901259
1.050983763
1.049069759
1.047159241
1.045252202
1.043348637
1.041448538
1.0395519
1.037658715
1.035768978
1.033882681
1.031999819
1.030120386
1.028244374
1.026371778
1.024502592
1.02263681
1.020774426
1.018915433
1.017059825
1.015207597
1.013358743
1.011513256
1.00967113
1.007832359
1.005996938
1.004164859
1.002336117
1.000510707
0.998688621
0.996869853
0.995054399
0.993242251
0.991433403
0.98962785
0.987825585
0.986026602
0.984230896
0.982438459
0.980649287
0.978863373
0.97708071
0.975301294
0.973525117
0.971752174
0.969982459
0.968215967
0.966452692
0.964692628
0.962935769
0.961182109
0.959431644
0.957684366
0.955940271
0.954199352
0.952461604
0.950727022
0.948995598
0.947267328
0.945542207
0.943820227
0.942101383
0.940385671
0.938673083
0.936963614
0.935257259
0.933554011
0.931853865
0.930156816
0.928462857
0.926771982
0.925084187
0.923399465
0.92171781
0.920039217
0.91836368
0.916691194
0.915021754
0.913355354
0.911691988
0.910031652
0.908374339
0.906720045
0.905068764
0.90342049
0.901775218
0.900132943
0.898493659
0.896857361
0.895224043
0.8935937
0.891966327
0.890341917
0.888720466
0.887101969
0.885486419
0.883873812
0.882264141
0.880657402
0.879053589
0.877452697
0.87585472
0.874259653
0.87266749
0.871078226
0.869491856
0.867908374
0.866327776
0.864750057
0.863175211
0.861603233
0.860034118
0.858467861
0.856904456
0.855343898
0.853786183
0.852231305
0.850679258
0.849130039
0.84758364
0.846040058
0.844499287
0.842961322
0.841426158
0.839893789
0.838364211
0.836837418
0.835313405
0.833792168
0.832273701
0.830757999
0.829245058
0.827734872
0.826227437
0.824722747
0.823220798
0.821721584
0.8202251
0.818731342
0.817240304
0.815751982
0.81426637
0.812783464
0.811303258
0.809825748
0.808350929
0.806878795
0.805409341
0.803942564
0.802478458
0.801017018
0.79955824
0.798102119
0.796648649
0.795197827
0.793749647
0.792304104
0.790861194
0.789420912
0.787983254
0.786548213
0.785115786
0.783685968
0.782258753
0.780834137
0.779412116
0.777992684
0.776575837
0.775161571
0.773749879
0.772340759
0.770934205
0.769530212
0.768128776
0.766729893
0.765333558
0.763939765
0.762548511
0.761159791
0.7597736
0.758389934
0.757008787
0.755630156
0.754254035
0.752880421
0.751509308
0.750140692
0.748774567
0.747410931
0.746049778
0.744691104
0.743334904
0.741981174
0.74062991
0.739281106
0.737934759
0.736590864
0.735249417
0.733910412
0.732573847
0.731239715
0.729908014
0.728578737
0.727251882
0.725927442
0.724605415
0.723285795
0.721968578
0.72065376
0.719341336
0.718031302
0.716723654
0.715418387
0.714115498
0.712814982
0.711516834
0.71022105
0.708927626
0.707636558
0.706347841
0.705061472
0.703777444
0.702495756
0.701216401
0.699939376
0.698664677
0.697392299
0.696122238
0.694854489
0.69358905
0.692325915
0.691065081
0.689806543
0.688550297
0.687296339
0.686044664
0.68479527
0.68354815
0.682303302
0.681060721
0.679820403
0.678582344
0.67734654
0.676112985
0.674881677
0.673652612
0.672425784
0.671201191
0.669978828
0.668758691
0.667540777
0.66632508
0.665111598
0.663900325
0.662691259
0.661484394
0.660279728
0.659077255
0.657876972
0.656678876
0.655482961
0.654289224
0.65309766
0.651908267
0.650721039
0.649535974
0.648353067
0.647172314
0.645993711
0.644817255
0.643642942
0.642470767
0.641300727
0.640132818
0.638967036
0.637803377
0.636641838
0.635482413
0.6343251
0.633169895
0.632016793
0.630865792
0.629716886
0.628570072
0.627425347
0.626282707
0.625142148
0.624003666
0.622867257
0.621732918
0.620600645
0.619470434
0.618342281
0.617216183
0.616092136
0.614970136
0.613850179
0.612732262
0.611616381
0.610502531
0.609390709
0.608280912
0.607173136
0.606067376
0.60496363
0.603861895
0.602762165
0.601664439
0.600568711
0.599474979
0.598383239
0.597293488
0.596205721
0.595119936
0.594036128
0.592954294
0.591874431
0.590796535
0.589720601
0.588646628
0.58757461
0.586504545
0.585436428
0.584370257
0.583306028
0.582243736
0.581183379
0.583067377
0.590603458
0.603451049
0.621284682
0.643793374
0.670680011
0.701660309
0.736465601
0.774834376
0.816522654
0.861293031
0.908922478
0.959196516
1.011911052
1.066872787
1.123895267
1.182804274
1.243430216
1.305615661
1.369207393
1.434062611
1.50004356
1.567020267
1.634871537
1.703477517
1.772728402
1.84252063
1.91275201
1.983329958
2.054166252
2.125174375
2.196276686
2.267398439
2.338467009
2.409417668
2.480187518
2.550716208
2.620950138
2.690836838
2.760326733
2.829375821
2.897940725
2.965980795
3.033461124
3.100347467
3.166605878
3.232207113
3.297125602
3.361335871
3.424813066
3.487536947
3.54948934
3.610652072
3.67100799
3.730543981
3.78924792
3.847107687
3.904112591
3.960255068
4.015527954
4.069924135
4.123438214
4.176066946
4.227807219
4.278656049
4.328612254
4.377675967
4.425847346
4.473126797
4.519516398
4.565018925
4.609637153
4.653374082
4.696234257
4.738222791
4.7793448
4.819605399
4.859010079
4.897565646
4.935279154
4.972157658
5.008208213
5.043438117
5.077855563
5.111468916
5.144286542
5.176316804
5.207568218
5.238049866
5.267770931
5.296740596
5.324968042
5.352462539
5.379233667
5.405291047
5.430644297
5.455303037
5.479276929
5.502575753
5.525209274
5.547187256
5.568519463
5.589215671
5.609285636
5.628739048
5.647585595
5.665834965
5.683496844
5.70058079
5.717096256
5.733052693
5.748459553
5.763326286
5.777662149
5.791476216
5.804777555
5.817575232
5.829878315
5.841695813
5.853036397
5.863908632
5.874321079
5.884282302
5.893800864
5.902885174
5.911543281
5.919783184
5.927612879
5.935040363
5.942073625
5.948720391
5.95498808
5.960884093
5.966415834
5.971590703
5.976416069
5.980898945
5.985046134
5.988864435
5.992360649
5.995541575
5.99841393
6.000984034
6.003258094
6.005242319
6.006942916
6.008366091
6.009517888
6.010403994
6.011030043
6.011401671
6.011524515
6.011404202
6.011046117
6.010455368
6.009637049
6.008596251
6.007338069
6.005867566
6.004189507
6.002308477
6.00022906
5.997955839
5.995493398
5.992846254
5.99001861
5.987014575
5.983838259
5.980493773
5.976985226
5.973316607
5.969491627
5.96551396
5.961387279
5.957115258
5.952701565
5.948149692
5.943462924
5.938644535
5.933697799
5.92862599
5.923432361
5.918119957
5.912691687
5.907150462
5.901499191
5.895740785
5.889878108
5.883913809
5.877850468
5.871690664
5.865436978
5.859091988
5.852658197
5.846137914
5.839533421
5.832847002
5.826080939
5.819237511
5.812318883
5.805327079
5.798264114
5.791132004
5.783932763
5.776668395
5.769340767
5.761951656
5.754502837
5.746996086
5.739433179
5.731815865
5.724145752
5.716424402
5.708653377
5.700834238
5.692968547
5.685057818
5.677103441
5.669106788
5.66106923
5.652992138
5.644876882
5.636724762
5.628536985
5.620314754
5.612059271
5.603771737
5.595453348
5.587105216
5.578728393
5.570323932
5.561892883
5.553436299
5.544955217
5.536450586
5.527923325
5.519374353
5.51080459
5.502214953
5.493606334
5.484979549
5.476335397
5.467674681
5.458998203
5.450306763
5.441601121
5.432881979
5.424150035
5.415405988
5.406650536
5.397884373
5.389108143
5.380322455
5.371527916
5.362725132
5.35391471
5.345097248
5.336273294
5.327443374
5.318608015
5.309767743
5.300923085
5.292074556
5.28322262
5.274367731
5.265510341
5.256650901
5.247789866
5.238927684
5.230064763
5.221201489
5.212338246
5.20347542
5.194613394
5.185752554
5.176893264
5.168035854
5.159180651
5.15032798
5.141478168
5.132631541
5.12378842
5.114949093
5.106113835
5.097282923
5.088456632
5.079635238
5.070819016
5.062008221
5.053203089
5.04440385
5.035610737
5.026823983
5.018043819
5.009270471
5.000504141
4.991745023
4.982993312
4.974249203
4.965512891
4.956784569
4.948064416
4.939352593
4.930649263
4.92195459
4.913268736
4.904591865
4.895924131
4.887265672
4.878616626
4.869977125
4.861347306
4.852727305
4.844117255
4.835517277
4.826927482
4.818347981
4.809778884
4.801220301
4.792672343
4.78413512
4.77560873
4.767093263
4.758588805
4.750095447
4.741613275
4.733142378
4.724682845
4.716234757
4.707798183
4.699373194
4.69095986
4.68255825
4.674168433
4.66579048
4.657424457
4.649070419
4.640728419
4.632398514
4.624080755
4.615775198
4.607481897
4.599200904
4.590932262
4.582676014
4.574432199
4.566200859
4.557982035
4.549775768
4.541582098
4.53340106
4.525232683
4.517076998
4.508934035
4.500803824
4.492686395
4.484581779
4.47649
4.46841108
4.46034504
4.452291902
4.444251686
4.436224414
4.428210106
4.420208781
4.412220453
4.404245136
4.396282843
4.388333588
4.380397384
4.372474244
4.364564182
4.356667206
4.348783322
4.340912537
4.333054859
4.325210295
4.317378851
4.309560536
4.301755353
4.293963305
4.286184393
4.278418619
4.270665983
4.262926489
4.255200138
4.24748693
4.239786865
4.23209994
4.224426152
4.216765498
4.209117976
4.201483581
4.193862312
4.186254166
4.178659135
4.171077215
4.163508398
4.155952677
4.148410047
4.1408805
4.133364031
4.125860631
4.118370292
4.110893004
4.103428758
4.095977544
4.088539352
4.081114174
4.073702
4.066302818
4.058916618
4.051543388
4.044183115
4.036835788
4.029501394
4.022179923
4.014871362
4.007575698
4.000292917
3.993023006
3.98576595
3.978521736
3.971290351
3.96407178
3.956866009
3.949673024
3.942492809
3.935325349
3.928170629
3.921028633
3.913899347
3.906782754
3.899678839
3.892587587
3.885508979
3.878443001
3.871389635
3.864348865
3.857320675
3.850305048
3.843301967
3.836311415
3.829333375
3.822367828
3.815414759
3.808474148
3.80154598
3.794630236
3.787726898
3.78083595
3.773957371
3.767091145
3.760237253
3.753395678
3.7465664
3.739749403
3.732944667
3.726152173
3.719371904
3.71260384
3.705847963
3.699104255
3.692372696
3.685653268
3.678945952
3.672250729
3.66556758
3.658896486
3.652237428
3.645590386
3.638955343
3.632332278
3.625721173
3.619122008
3.612534765
3.605959423
3.599395963
3.592844367
3.586304614
3.579776686
3.573260564
3.566756227
3.560263656
3.553782832
3.547313735
3.540856346
3.534410646
3.527976615
3.521554233
3.515143482
3.50874434
3.50235679
3.495980811
3.489616384
3.48326349
3.476922108
3.47059222
3.464273805
3.457966845
3.451671319
3.445387209
3.439114494
3.432853156
3.426603174
3.420364529
3.414137202
3.407921172
3.401716422
3.39552293
3.389340678
3.383169647
3.377009816
3.370861166
3.364723678
3.358597333
3.35248211
3.346377991
3.340284957
3.334202987
3.328132063
3.322072164
3.316023273
3.30998537
3.303958434
3.297942448
3.291937391
3.285943244
3.279959989
3.273987606
3.268026076
3.26207538
3.256135498
3.250206411
3.244288101
3.238380548
3.232483734
3.226597638
3.220722242
3.214857528
3.209003476
3.203160067
3.197327283
3.191505104
3.185693511
3.179892486
3.174102009
3.168322063
3.162552627
3.156793685
3.151045216
3.145307202
3.139579625
3.133862465
3.128155703
3.122459322
3.116773303
3.111097628
3.105432277
3.099777232
3.094132475
3.088497987
3.08287375
3.077259746
3.071655955
3.06606236
3.060478942
3.054905684
3.049342566
3.043789571
3.038246681
3.032713876
3.02719114
3.021678453
3.016175798
3.010683157
3.005200511
2.999727843
2.994265135
2.988812369
2.983369526
2.977936589
2.97251354
2.967100361
2.961697035
2.956303542
2.950919867
2.945545991
2.940181896
2.934827564
2.929482979
2.924148122
2.918822976
2.913507523
2.908201745
2.902905626
2.897619147
2.892342292
2.887075042
2.881817382
2.876569292
2.871330756
2.866101756
2.860882275
2.855672296
2.850471802
2.845280776
2.8400992
2.834927057
2.829764331
2.824611004
2.819467058
2.814332478
2.809207245
2.804091343
2.798984756
2.793887465
2.788799456
2.78372071
2.778651211
2.773590943
2.768539887
2.763498029
2.75846535
2.753441833
2.748427463
2.743422223
2.738426096
2.733439066
2.728461116
2.723492231
2.718532393
2.713581586
2.708639793
2.703706999
2.698783187
2.69386834
2.688962441
2.684065476
2.679177427
2.674298278
2.669428014
2.664566618
2.659714075
2.654870367
2.65003548
2.645209397
2.640392101
2.635583578
2.63078381
2.625992782
2.621210478
2.616436882
2.611671978
2.606915751
2.602168186
2.597429265
2.592698974
2.587977297
2.583264219
2.578559722
2.573863792
2.569176414
2.564497571
2.559827247
2.555165428
2.550512099
2.545867243
2.541230846
2.536602892
2.531983365
2.527372251
2.522769534
2.518175199
2.51358923
2.509011612
2.50444233
2.499881368
2.495328712
2.490784347
2.486248257
2.481720428
2.477200844
2.472689491
2.468186354
2.463691417
2.459204666
2.454726085
2.450255659
2.445793375
2.441339216
2.436893168
2.432455217
2.428025348
2.423603546
2.419189797
2.414784086
2.410386399
2.40599672
2.401615035
2.39724133
2.39287559
2.388517799
2.384167945
2.379826011
2.375491984
2.37116585
2.366847594
2.362537202
2.358234661
2.353939954
2.349653069
2.345373992
2.341102707
2.3368392
2.332583458
2.328335466
2.32409521
2.319862675
2.315637848
2.311420715
2.307211262
2.303009474
2.298815339
2.294628841
2.290449968
2.286278706
2.28211504
2.277958957
2.273810443
2.269669483
2.265536065
2.261410174
2.257291796
2.253180918
2.249077527
2.244981608
2.240893148
2.236812134
2.232738553
2.22867239
2.224613632
2.220562266
2.216518278
2.212481655
2.208452384
2.20443045
2.20041584
2.196408541
2.192408539
2.188415822
2.184430376
2.180452188
2.176481246
2.172517535
2.168561042
2.164611756
2.160669661
2.156734746
2.152806997
2.148886401
2.144972945
2.141066615
2.137167399
2.133275284
2.129390256
2.125512304
2.121641414
2.117777573
2.11392077
2.11007099
2.106228222
2.102392452
2.098563668
2.094741857
2.090927006
2.087119102
2.083318134
2.079524087
2.075736949
2.071956708
2.068183351
2.064416866
2.060657239
2.05690446
2.053158514
2.049419391
2.045687078
2.041961562
2.038242831
2.034530873
2.030825675
2.027127225
2.02343551
2.019750519
2.016072238
2.012400656
2.00873576
2.005077538
2.001425977
1.997781067
1.994142794
1.990511147
1.986886114
1.983267684
1.979655843
1.97605058
1.972451883
1.96885974
1.965274139
1.961695068
1.958122515
1.954556469
1.950996916
1.947443846
1.943897245
1.940357104
1.936823409
1.93329615
1.929775314
1.92626089
1.922752867
1.919251232
1.915755975
1.912267084
1.908784547
1.905308352
1.901838488
1.898374943
1.894917706
1.891466765
1.888022108
1.884583724
1.881151601
1.877725729
1.874306096
1.87089269
1.8674855
1.864084516
1.860689726
1.857301118
1.853918682
1.850542406
1.847172279
1.843808289
1.840450426
1.837098679
1.833753035
1.830413484
1.827080015
1.823752615
1.820431275
1.817115983
1.813806729
1.810503501
1.807206289
1.803915082
1.800629869
1.797350639
1.794077381
1.790810085
1.787548739
1.784293333
1.781043856
1.777800297
1.774562646
1.77133089
1.76810502
1.764885025
1.761670894
1.758462615
1.755260179
1.752063574
1.74887279
1.745687817
1.742508645
1.739335262
1.736167659
1.733005824
1.729849748
1.72669942
1.72355483
1.720415966
1.71728282
1.71415538
1.711033635
1.707917576
1.704807191
1.701702472
1.698603406
1.695509983
1.692422194
1.689340027
1.686263473
1.683192522
1.680127163
1.677067387
1.674013183
1.670964541
1.667921452
1.664883905
1.66185189
1.658825397
1.655804416
1.652788937
1.64977895
1.646774445
1.643775412
1.640781841
1.637793721
1.634811043
1.631833796
1.628861971
1.625895557
1.622934546
1.619978926
1.617028689
1.614083825
1.611144324
1.608210177
1.605281373
1.602357903
1.599439758
1.596526927
1.593619402
1.590717172
1.587820227
1.584928558
1.582042156
1.579161011
1.576285112
1.57341445
1.570549017
1.567688801
1.564833793
1.561983984
1.559139365
1.556299927
1.553465659
1.550636553
1.5478126
1.54499379
1.542180113
1.539371561
1.536568124
1.533769793
1.530976559
1.528188411
1.525405341
1.52262734
1.519854398
1.517086506
1.514323654
1.511565834
1.508813035
1.506065248
1.503322463
1.500584672
1.497851866
1.495124037
1.492401174
1.48968327
1.486970316
1.484262303
1.481559221
1.478861063
1.476167818
1.47347948
1.470796038
1.468117483
1.465443808
1.462775003
1.460111059
1.457451967
1.454797719
1.452148306
1.449503718
1.446863948
1.444228986
1.441598823
1.43897345
1.43635286
1.433737042
1.431125989
1.42851969
1.425918138
1.423321323
1.420729237
1.418141871
1.415559216
1.412981263
1.410408003
1.407839429
1.40527553
1.402716299
1.400161729
1.39761181
1.395066534
1.392525894
1.38998988
1.387458485
1.3849317
1.382409518
1.379891929
1.377378925
1.374870499
1.372366642
1.369867345
1.367372601
1.364882401
1.362396737
1.359915601
1.357438984
1.354966878
1.352499276
1.350036167
1.347577546
1.345123402
1.342673728
1.340228516
1.337787756
1.335351442
1.332919565
1.330492116
1.328069088
1.325650472
1.323236259
1.320826441
1.318421011
1.31601996
1.313623281
1.311230965
1.308843005
1.306459394
1.304080123
1.301705185
1.299334573
1.296968277
1.294606291
1.292248607
1.289895217
1.287546113
1.285201288
1.282860734
1.280524443
1.278192407
1.275864619
1.27354107
1.271221754
1.268906661
1.266595786
1.264289119
1.261986653
1.259688381
1.257394294
1.255104384
1.252818645
1.250537068
1.248259646
1.245986371
1.243717234
1.241452229
1.239191348
1.236934584
1.23468193
1.232433377
1.23018892
1.22794855
1.22571226
1.223480043
1.221251892
1.219027799
1.216807757
1.214591758
1.212379795
1.210171861
1.207967949
1.205768051
1.20357216
1.201380268
1.199192369
1.197008454
1.194828517
1.19265255
1.190480546
1.188312498
1.186148397
1.183988238
1.181832012
1.179679712
1.177531332
1.175386862
1.173246298
1.17110963
1.168976854
1.166847961
1.164722945
1.162601799
1.160484516
1.158371089
1.156261511
1.154155775
1.152053875
1.149955802
1.147861551
1.145771115
1.143684486
1.141601657
1.139522623
1.137447375
1.135375906
1.133308211
1.131244281
1.129184111
1.127127693
1.125075019
1.123026084
1.12098088
1.118939401
1.116901639
1.114867588
1.11283724
1.110810588
1.108787627
1.106768349
1.104752748
1.102740818
1.100732551
1.098727942
1.096726983
1.094729669
1.092735992
1.090745947
1.088759525
1.086776722
1.08479753
1.082821943
1.080849955
1.078881558
1.076916746
1.074955513
1.072997853
1.071043757
1.069093221
1.067146237
1.0652028
1.063262901
1.061326535
1.059393696
1.057464376
1.05553857
1.05361627
1.05169747
1.049782164
1.047870345
1.045962007
1.044057144
1.04215575
1.040257819
1.038363343
1.036472318
1.034584737
1.032700594
1.030819882
1.028942596
1.027068729
1.025198275
1.023331228
1.021467581
1.019607329
1.017750465
1.015896983
1.014046877
1.01220014
1.010356768
1.008516752
1.006680088
1.004846768
1.003016787
1.001190139
0.999366817
0.997546815
0.995730127
0.993916747
0.992106668
0.990299885
0.988496392
0.986696183
0.984899253
0.983105594
0.981315202
0.979528071
0.977744194
0.975963567
0.974186182
0.972412035
0.970641119
0.968873428
0.967108958
0.965347701
0.963589652
0.961834805
0.960083154
0.958334693
0.956589418
0.95484732
0.953108396
0.951372639
0.949640043
0.947910602
0.94618431
0.944461162
0.942741152
0.941024274
0.939310521
0.937599889
0.935892373
0.934187965
0.932486662
0.930788457
0.929093344
0.927401319
0.925712376
0.924026508
0.922343711
0.920663978
0.918987305
0.917313685
0.915643114
0.913975585
0.912311093
0.910649632
0.908991197
0.907335782
0.905683381
0.90403399
0.902387602
0.900744212
0.899103815
0.897466405
0.895831977
0.894200526
0.892572046
0.890946532
0.889323979
0.88770438
0.886087731
0.884474027
0.882863262
0.88125543
0.879650526
0.878048545
0.876449482
0.87485333
0.873260085
0.871669742
0.870082294
0.868497737
0.866916066
0.865337275
0.86376136
0.862188314
0.860618134
0.859050813
0.857486346
0.855924729
0.854365956
0.852810022
0.851256921
0.84970665
0.848159201
0.846614571
0.845072753
0.843533744
0.841997537
0.840464128
0.838933511
0.837405681
0.835880633
0.834358363
0.832838865
0.831322134
0.829808165
0.828296954
0.826788495
0.825282784
0.823779814
0.822279582
0.820782082
0.81928731
0.81779526
0.816305927
0.814819306
0.813335393
0.811854182
0.810375669
0.808899847
0.807426714
0.805956263
0.804488489
0.803023389
0.801560957
0.800101188
0.798644078
0.797189621
0.795737814
0.794288651
0.792842127
0.791398237
0.789956977
0.788518342
0.787082327
0.785648927
0.784218138
0.782789954
0.781364371
0.779941384
0.778520988
0.777103179
0.775687952
0.774275302
0.772865225
0.771457716
0.77005277
0.768650383
0.76725055
0.765853267
0.764458528
0.763066329
0.761676666
0.760289534
0.758904928
0.757522844
0.756143276
0.754766221
0.753391673
0.752019628
0.750650082
0.74928303
0.747918468
0.746556391
0.745196794
0.743839674
0.742485025
0.741132843
0.739783124
0.738435864
0.737091056
0.735748698
0.734408785
0.733071312
0.731736274
0.730403668
0.729073488
0.727745731
0.726420391
0.725097466
0.723776949
0.722458837
0.721143126
0.719829811
0.718518888
0.717210353
0.7159042
0.714600427
0.713299027
0.711999998
0.710703335
0.709409033
0.708117089
0.706827496
0.705540253
0.704255353
0.702972794
0.701692569
0.700414677
0.699139112
0.697865869
0.696594946
0.695326337
0.694060039
0.692796047
0.691534356
0.690274964
0.689017866
0.687763056
0.686510532
0.685260289
0.684012323
0.68276663
0.681523204
0.680282044
0.679043143
0.677806499
0.676572106
0.675339962
0.674110062
0.672882401
0.671656977
0.670433784
0.669212819
0.667994078
0.666777556
0.66556325
0.664351155
0.663141268
0.661933584
0.6607281
0.65952481
0.658323711
0.657124799
0.65592807
0.654733521
0.653541146
0.652350943
0.651162907
0.649977035
0.648793323
0.647611766
0.646432361
0.645255105
0.644079992
0.64290702
0.641736185
0.640567482
0.639400907
0.638236458
0.637074129
0.635913918
0.634755819
0.63359983
0.632445946
0.631294164
0.63014448
0.628996889
0.627851388
0.626707974
0.625566641
0.624427387
0.623290207
0.62509752
0.632557057
0.645328242
0.663085609
0.685518179
0.712328868
0.743233263
0.777962823
0.816256095
0.857868819
0.902564053
0.950118178
1.000317364
1.052956866
1.10784397
1.16479176
1.223626288
1.284177934
1.346289067
1.409806867
1.474587996
1.540495392
1.607398248
1.675175838
1.743708742
1.81288615
1.882605161
1.952763823
2.02326868
2.094032222
2.164967966
2.235997581
2.307047047
2.378043562
2.44892193
2.519619951
2.590076905
2.660238956
2.730054263
2.799472752
2.868450374
2.936944358
3.00491346
3.072322589
3.139138046
3.205326201
3.270856874
3.33570471
3.399844713
3.463252102
3.52590587
3.587788168
3.648881238
3.70916776
3.768634116
3.827268522
3.885059208
3.941995111
3.99806845
4.053272364
4.107599996
4.161045493
4.213605598
4.265277453
4.316058222
4.365946294
4.414941897
4.463045403
4.510257251
4.556579188
4.602014125
4.646565012
4.690234855
4.733027862
4.774949255
4.816004286
4.856198203
4.895536388
4.934025412
4.971672426
5.008484583
5.044469032
5.079633003
5.113984521
5.147532015
5.180283915
5.21224865
5.243434695
5.27385102
5.303506849
5.332411402
5.360573901
5.388003591
5.414709993
5.440702748
5.465991493
5.490585866
5.514495513
5.5377302
5.560299699
5.582213774
5.603482191
5.624114717
5.644121127
5.66351111
5.682294341
5.700480496
5.718079254
5.73510022
5.751552842
5.767446547
5.782790764
5.797594926
5.811868371
5.825620173
5.838859369
5.851594997
5.863836095
5.875591687
5.886870544
5.897681203
5.908032189
5.917932031
5.927389256
5.936412341
5.945009407
5.953188412
5.960957314
5.968324071
5.975296643
5.981882869
5.988090192
5.993925974
5.999397578
6.004512365
6.009277693
6.013700706
6.017788195
6.021546921
6.024983643
6.028105121
6.030918096
6.033429005
6.035644023
6.037569318
6.039211057
6.04057541
6.041668492
6.04249606
6.043063712
6.043377045
6.043441659
6.043263149
6.042847009
6.04219837
6.041322289
6.040223823
6.038908028
6.03737996
6.035644495
6.033706212
6.03156966
6.029239388
6.026719946
6.024015871
6.021131459
6.018070798
6.014837964
6.011437037
6.007872094
6.004147179
6.000266061
5.996232385
5.992049795
5.987721936
5.983252451
5.978644911
5.973902623
5.969028835
5.964026791
5.958899739
5.953650925
5.948283474
5.942800293
5.937204268
5.931498284
5.925685225
5.91976797
5.913749234
5.907631582
5.901417571
5.895109758
5.888710701
5.882222936
5.875648816
5.868990604
5.862250563
5.855430954
5.84853404
5.841562037
5.834516988
5.827400888
5.820215734
5.812963522
5.805646249
5.798265838
5.790824064
5.783322686
5.775763463
5.768148154
5.760478515
5.7527562
5.744982762
5.737159746
5.729288701
5.721371171
5.713408694
5.705402688
5.697354514
5.689265529
5.68113709
5.672970555
5.664767257
5.656528417
5.648255225
5.63994887
5.631610543
5.623241432
5.614842686
5.606415358
5.597960488
5.589479118
5.580972288
5.572441039
5.56388635
5.555309134
5.5467103
5.538090759
5.529451419
5.520793183
5.512116887
5.503423324
5.494713288
5.48598757
5.477246964
5.46849225
5.459724139
5.450943322
5.442150488
5.433346329
5.424531534
5.415706771
5.406872648
5.398029765
5.389178723
5.380320121
5.371454558
5.362582602
5.353704774
5.344821596
5.335933589
5.327041273
5.318145166
5.309245752
5.300343477
5.291438789
5.282532135
5.273623963
5.26471472
5.255804833
5.246894686
5.237984659
5.229075133
5.220166487
5.211259102
5.202353352
5.193449577
5.184548097
5.175649234
5.166753312
5.157860651
5.148971574
5.140086382
5.131205349
5.122328747
5.113456849
5.104589925
5.095728249
5.086872086
5.078021673
5.06917724
5.060339016
5.05150723
5.04268211
5.033863885
5.025052765
5.016248943
5.007452611
4.998663961
4.989883185
4.981110476
4.972346018
4.963589975
4.95484251
4.94610378
4.937373948
4.928653173
4.919941615
4.911239417
4.902546713
4.893863635
4.885190317
4.876526893
4.867873495
4.85923025
4.850597272
4.841974667
4.833362546
4.824761015
4.816170185
4.807590164
4.799021056
4.790462951
4.781915937
4.773380099
4.764855524
4.7563423
4.747840512
4.739350246
4.730871576
4.722404568
4.713949293
4.705505817
4.69707421
4.68865454
4.680246874
4.671851272
4.663467786
4.655096471
4.646737378
4.63839056
4.630056072
4.621733964
4.613424285
4.605127076
4.596842376
4.588570225
4.580310664
4.572063732
4.56382947
4.555607915
4.547399096
4.539203044
4.531019788
4.522849356
4.514691778
4.506547084
4.498415302
4.490296453
4.482190557
4.474097636
4.46601771
4.457950798
4.449896921
4.4418561
4.433828349
4.425813681
4.417812109
4.409823647
4.401848306
4.3938861
4.385937042
4.378001142
4.370078406
4.36216884
4.354272452
4.346389248
4.338519235
4.330662418
4.322818804
4.314988396
4.307171194
4.299367201
4.291576416
4.283798841
4.276034477
4.268283326
4.260545386
4.252820657
4.245109134
4.237410814
4.229725693
4.222053769
4.214395038
4.206749497
4.199117141
4.191497964
4.183891958
4.176299116
4.168719432
4.161152899
4.15359951
4.146059257
4.138532133
4.131018128
4.123517231
4.116029433
4.108554724
4.101093095
4.093644535
4.086209035
4.078786582
4.071377165
4.063980772
4.056597391
4.049227009
4.041869614
4.034525194
4.027193737
4.019875229
4.012569655
4.005277002
3.997997256
3.990730403
3.983476428
3.976235318
3.969007059
3.961791634
3.954589028
3.947399225
3.940222212
3.93305797
3.925906486
3.918767744
3.911641728
3.90452842
3.897427804
3.890339865
3.883264584
3.876201945
3.869151932
3.862114528
3.855089715
3.848077476
3.841077794
3.834090651
3.827116029
3.82015391
3.813204278
3.806267114
3.799342401
3.792430119
3.785530252
3.77864278
3.771767685
3.764904949
3.758054554
3.751216481
3.744390712
3.737577227
3.730776009
3.723987038
3.717210295
3.710445762
3.70369342
3.69695325
3.690225233
3.68350935
3.676805581
3.670113908
3.66343431
3.65676677
3.650111268
3.643467785
3.636836301
3.630216797
3.623609253
3.61701365
3.610429969
3.603858191
3.597298295
3.590750262
3.584214074
3.57768971
3.57117715
3.564676376
3.558187367
3.551710104
3.545244568
3.538790738
3.532348596
3.525918122
3.519499296
3.513092098
3.506696508
3.500312508
3.493940078
3.487579197
3.481229847
3.474892007
3.468565658
3.46225078
3.455947354
3.44965536
3.443374779
3.43710559
3.430847775
3.424601313
3.418366185
3.412142372
3.405929853
3.39972861
3.393538623
3.387359871
3.381192337
3.375036
3.36889084
3.362756838
3.356633975
3.350522231
3.344421587
3.338332023
3.33225352
3.326186058
3.320129619
3.314084182
3.308049729
3.302026239
3.296013694
3.290012075
3.284021362
3.278041535
3.272072577
3.266114466
3.260167185
3.254230714
3.248305034
3.242390125
3.236485969
3.230592546
3.224709838
3.218837826
3.21297649
3.207125811
3.20128577
3.195456349
3.189637528
3.183829289
3.178031613
3.172244481
3.166467873
3.160701772
3.154946159
3.149201014
3.143466319
3.137742055
3.132028204
3.126324746
3.120631664
3.114948939
3.109276552
3.103614485
3.097962718
3.092321235
3.086690015
3.08106904
3.075458293
3.069857755
3.064267407
3.058687231
3.05311721
3.047557324
3.042007555
3.036467886
3.030938297
3.025418771
3.019909289
3.014409834
3.008920388
3.003440932
2.997971448
2.992511919
2.987062326
2.981622652
2.976192878
2.970772986
2.965362959
2.95996278
2.95457243
2.949191891
2.943821146
2.938460177
2.933108967
2.927767496
2.922435749
2.917113707
2.911801354
2.90649867
2.90120564
2.895922245
2.890648468
2.885384292
2.880129698
2.87488467
2.869649191
2.864423243
2.859206809
2.853999871
2.848802413
2.843614417
2.838435867
2.833266744
2.828107033
2.822956714
2.817815773
2.812684191
2.807561952
2.802449039
2.797345435
2.792251123
2.787166087
2.782090309
2.777023773
2.771966461
2.766918358
2.761879445
2.756849707
2.751829126
2.746817687
2.741815373
2.736822167
2.731838053
2.726863014
2.721897034
2.716940096
2.711992184
2.707053281
2.702123372
2.697202438
2.692290465
2.687387435
2.682493334
2.677608144
2.672731849
2.667864434
2.663005883
2.658156178
2.653315305
2.648483246
2.643659986
2.638845509
2.634039798
2.629242838
2.624454612
2.619675106
2.614904304
2.610142189
2.605388745
2.600643958
2.595907811
2.591180289
2.586461376
2.581751055
2.577049311
2.57235613
2.567671494
2.562995389
2.558327799
2.553668709
2.549018103
2.544375967
2.539742284
2.535117039
2.530500217
2.525891802
2.52129178
2.516700133
2.512116848
2.50754191
2.502975302
2.498417011
2.49386702
2.489325316
2.484791882
2.480266704
2.475749767
2.471241055
2.466740555
2.462248249
2.457764124
2.453288165
2.448820357
2.444360684
2.439909133
2.435465689
2.431030337
2.426603063
2.422183851
2.417772687
2.413369556
2.408974444
2.404587335
2.400208216
2.395837072
2.391473887
2.387118648
2.38277134
2.378431949
2.37410046
2.36977686
2.365461133
2.361153266
2.356853244
2.352561054
2.34827668
2.344000108
2.339731325
2.335470315
2.331217065
2.32697156
2.322733787
2.31850373
2.314281378
2.310066714
2.305859726
2.3016604
2.297468721
2.293284676
2.289108251
2.284939432
2.280778205
2.276624556
2.272478472
2.268339937
2.264208939
2.260085464
2.255969498
2.251861028
2.247760039
2.24366652
2.239580455
2.235501832
2.231430636
2.227366856
2.223310475
2.219261483
2.215219864
2.211185605
2.207158693
2.203139114
2.199126855
2.195121903
2.191124244
2.187133866
2.183150754
2.179174897
2.175206281
2.171244892
2.167290717
2.163343744
2.159403959
2.155471349
2.1515459
2.147627601
2.143716436
2.139812394
2.135915461
2.132025625
2.128142873
2.124267192
2.12039857
2.116536993
2.112682449
2.108834925
2.104994408
2.101160885
2.097334344
2.093514772
2.089702156
2.085896483
2.08209774
2.078305915
2.074520995
2.070742968
2.066971821
2.063207541
2.059450117
2.055699536
2.051955785
2.048218853
2.044488727
2.040765393
2.037048841
2.033339058
2.02963603
2.025939747
2.022250195
2.018567362
2.014891235
2.011221803
2.007559053
2.003902973
2.000253551
1.996610776
1.992974635
1.989345115
1.985722206
1.982105896
1.978496171
1.97489302
1.971296432
1.967706393
1.964122893
1.960545919
1.956975458
1.9534115
1.949854032
1.946303042
1.942758519
1.939220451
1.935688826
1.932163633
1.92864486
1.925132495
1.921626527
1.918126944
1.914633735
1.911146888
1.907666391
1.904192233
1.900724401
1.897262885
1.893807673
1.890358753
1.886916113
1.883479743
1.88004963
1.876625765
1.873208134
1.869796728
1.866391535
1.862992543
1.859599742
1.85621312
1.852832665
1.849458368
1.846090215
1.842728196
1.8393723
1.836022516
1.832678832
1.829341236
1.826009718
1.822684267
1.819364872
1.816051522
1.812744206
1.809442913
1.806147633
1.802858354
1.799575066
1.796297757
1.793026418
1.789761036
1.786501601
1.783248103
1.78000053
1.776758871
1.773523116
1.770293254
1.767069274
1.763851164
1.760638914
1.757432514
1.754231953
1.75103722
1.747848306
1.744665198
1.741487888
1.738316364
1.735150617
1.731990635
1.728836408
1.725687926
1.722545179
1.719408155
1.716276844
1.713151236
1.71003132
1.706917086
1.703808524
1.700705622
1.697608371
1.69451676
1.691430779
1.688350417
1.685275665
1.682206513
1.679142949
1.676084965
1.673032551
1.669985695
1.666944389
1.663908622
1.660878383
1.657853664
1.654834453
1.651820741
1.648812517
1.645809773
1.642812496
1.639820678
1.636834309
1.633853377
1.630877874
1.627907789
1.624943113
1.621983835
1.619029947
1.616081438
1.613138299
1.61020052
1.607268092
1.604341004
1.601419247
1.598502812
1.595591688
1.592685866
1.589785336
1.586890089
1.584000114
1.581115403
1.578235945
1.575361731
1.572492751
1.569628995
1.566770454
1.563917118
1.561068979
1.558226026
1.555388251
1.552555643
1.549728195
1.546905896
1.544088737
1.541276709
1.538469803
1.535668008
1.532871317
1.530079719
1.527293205
1.524511765
1.521735392
1.518964074
1.516197803
1.51343657
1.510680364
1.507929176
1.505182997
1.502441819
1.499705631
1.496974425
1.494248193
1.491526925
1.488810613
1.486099248
1.483392821
1.480691324
1.477994746
1.47530308
1.472616317
1.469934447
1.467257463
1.464585354
1.461918113
1.459255731
1.456598197
1.453945505
1.451297644
1.448654607
1.446016383
1.443382965
1.440754344
1.43813051
1.435511455
1.432897169
1.430287645
1.427682874
1.425082845
1.422487551
1.419896983
1.417311132
1.414729989
1.412153545
1.409581791
1.40701472
1.404452322
1.40189459
1.399341516
1.39679309
1.394249305
1.391710153
1.389175625
1.386645713
1.384120409
1.381599704
1.37908359
1.376572059
1.374065103
1.371562713
1.369064881
1.366571599
1.364082859
1.361598652
1.35911897
1.356643804
1.354173147
1.351706991
1.349245326
1.346788145
1.344335439
1.3418872
1.339443421
1.337004091
1.334569204
1.332138752
1.329712724
1.327291115
1.324873914
1.322461115
1.320052708
1.317648686
1.31524904
1.312853764
1.310462849
1.308076288
1.305694072
1.303316195
1.300942649
1.298573425
1.296208515
1.293847913
1.291491611
1.2891396
1.286791872
1.284448421
1.282109239
1.279774316
1.277443647
1.275117223
1.272795036
1.270477078
1.268163343
1.265853821
1.263548506
1.261247389
1.258950462
1.256657719
1.254369151
1.252084751
1.24980451
1.247528421
1.245256476
1.242988668
1.24072499
1.238465433
1.23620999
1.233958655
1.23171142
1.229468277
1.22722922
1.224994241
1.222763332
1.220536486
1.218313696
1.216094954
1.213880254
1.211669588
1.209462948
1.207260327
1.205061718
1.202867114
1.200676506
1.198489889
1.196307254
1.194128594
1.191953902
1.18978317
1.187616391
1.185453559
1.183294664
1.181139701
1.178988661
1.176841538
1.174698324
1.172559013
1.170423597
1.168292069
1.166164424
1.164040652
1.161920749
1.159804706
1.157692517
1.155584175
1.153479673
1.151379004
1.149282162
1.147189138
1.145099926
1.14301452
1.140932912
1.138855096
1.136781064
1.134710809
1.132644326
1.130581605
1.128522642
1.126467428
1.124415957
1.122368222
1.120324216
1.118283932
1.116247364
1.114214503
1.112185344
1.110159879
1.108138102
1.106120007
1.104105586
1.102094834
1.100087744
1.098084309
1.096084523
1.094088378
1.09209587
1.09010699
1.088121733
1.086140092
1.08416206
1.08218763
1.080216797
1.078249554
1.076285894
1.07432581
1.072369296
1.070416346
1.068466953
1.06652111
1.06457881
1.062640048
1.060704817
1.058773109
1.05684492
1.054920241
1.052999066
1.051081389
1.049167205
1.047256505
1.045349285
1.043445537
1.041545257
1.039648437
1.037755072
1.035865154
1.033978679
1.03209564
1.03021603
1.028339844
1.026467075
1.024597717
1.022731764
1.02086921
1.019010047
1.017154272
1.015301876
1.013452854
1.0116072
1.009764907
1.007925969
1.006090381
1.004258135
1.002429226
1.000603647
0.998781393
0.996962457
0.995146832
0.993334514
0.991525495
0.98971977
0.987917333
0.986118178
0.9843223
0.982529692
0.980740349
0.978954265
0.977171433
0.975391849
0.973615506
0.971842398
0.97007252
0.968305866
0.966542429
0.964782204
0.963025185
0.961271367
0.959520742
0.957773307
0.956029053
0.954287977
0.952550071
0.950815331
0.94908375
0.947355322
0.945630041
0.943907902
0.942188899
0.940473025
0.938760276
0.937050646
0.93534413
0.933640721
0.931940414
0.930243204
0.928549084
0.92685805
0.925170096
0.923485216
0.921803405
0.920124657
0.918448966
0.916776327
0.915106734
0.913440182
0.911776665
0.910116177
0.908458713
0.906804268
0.905152835
0.90350441
0.901858986
0.900216559
0.898577122
0.896940672
0.895307202
0.893676706
0.89204918
0.890424619
0.888803016
0.887184366
0.885568665
0.883955906
0.882346084
0.880739194
0.87913523
0.877534188
0.875936061
0.874340844
0.872748533
0.871159121
0.869572603
0.867988974
0.866408229
0.864830364
0.863255371
0.861683247
0.860113986
0.858547584
0.856984034
0.855423332
0.853865472
0.852310449
0.850758259
0.849208895
0.847662353
0.846118628
0.844577713
0.843039605
0.841504298
0.839971787
0.838442066
0.836915131
0.835390977
0.833869598
0.83235099
0.830835148
0.829322066
0.827811741
0.826304165
0.824799336
0.823297247
0.821797894
0.820301272
0.818807375
0.817316199
0.815827738
0.814341989
0.812858945
0.811378601
0.809900954
0.808425997
0.806953726
0.805484136
0.804017222
0.80255298
0.801091405
0.799632491
0.798176235
0.79672263
0.795271674
0.793823359
0.792377683
0.790934639
0.789494223
0.788056431
0.786621257
0.785188697
0.783758746
0.782331399
0.780906651
0.779484497
0.778064933
0.776647955
0.775233556
0.773821734
0.772412483
0.771005799
0.769601676
0.76820011
0.766801098
0.765404633
0.764010711
0.762619328
0.761230479
0.75984416
0.758460365
0.75707909
0.75570033
0.754324081
0.752950339
0.751579098
0.750210354
0.748844103
0.74748034
0.74611906
0.74476026
0.743403935
0.74205008
0.74069869
0.739349762
0.738003291
0.736659271
0.7353177
0.733978571
0.732641881
0.731307626
0.7299758
0.7286464
0.72731942
0.725994857
0.724672706
0.723352963
0.722035623
0.720720683
0.719408137
0.718097982
0.716790213
0.715484826
0.714181816
0.71288118
0.711582912
0.710287008
0.708993464
0.707702276
0.70641344
0.70512695
0.703842803
0.702560994
0.70128152
0.700004376
0.698729558
0.697457062
0.696186883
0.694919017
0.693653461
0.692390209
0.691129258
0.689870604
0.688614242
0.687360167
0.686108377
0.684858866
0.683611631
0.682366667
0.68112397
0.679883537
0.678645362
0.677409442
0.676175773
0.67494435
0.67371517
0.672488229
0.671263523
0.670041047
0.668820797
0.66760277
0.666386961
0.665173366
0.663961981
0.662752803
0.661545826
0.660341047
0.659138463
0.657938067
0.656739857
0.655543829
0.654349979
0.653158303
0.651968797
0.650781457
0.64959628
0.648413261
0.647232397
0.646053683
0.644877116
0.643702692
0.642530407
0.641360258
0.640192239
0.639026348
0.637862581
0.636700933
0.635541401
0.634383981
0.633228668
0.63207546
0.630924352
0.629775341
0.628628422
0.627483591
0.626340845
0.628142603
0.635596594
0.648362244
0.666114085
0.688541139
0.715346326
0.746245223
0.780969294
0.819257097
0.860864347
0.905554137
0.953102806
1.003296568
1.055930635
1.11081233
1.16775471
1.226583841
1.287130105
1.349235854
1.412748299
1.477524059
1.543426125
1.610323633
1.678095883
1.746623493
1.815795579
1.885509283
1.955662678
2.026162241
2.096920509
2.16785101
2.23887536
2.309919585
2.380910883
2.451784014
2.522476826
2.592928588
2.66308543
2.732895561
2.802308881
2.871281325
2.939770166
3.007734131
3.075138103
3.141948421
3.208131485
3.273657049
3.338499768
3.402634676
3.466037008
3.5286857
3.590562919
3.651650937
3.711932434
3.771393747
3.830023115
3.887808791
3.944739699
4.00080803
4.056006946
4.110329608
4.163770141
4.216325274
4.26799217
4.318768007
4.368651145
4.417641814
4.4657404
4.512947351
4.559264387
4.604694427
4.649240432
4.692905416
4.735693558
4.777610088
4.818660265
4.858849348
4.898182717
4.936666921
4.974309119
5.011116468
5.047096126
5.082255321
5.116602063
5.150144786
5.182891924
5.214851911
5.24603322
5.276444813
5.306095915
5.334995751
5.363153544
5.390578539
5.417280252
5.443268325
5.468552397
5.493142105
5.517047099
5.540277139
5.562841999
5.584751445
5.606015239
5.626643152
5.646644958
5.666030345
5.684808988
5.702990564
5.720584749
5.737601152
5.75404922
5.76993838
5.78527806
5.800077688
5.814346611
5.828093901
5.841328595
5.854059728
5.866296336
5.878047443
5.889321827
5.900128024
5.910474557
5.920369953
5.929822735
5.938841384
5.947434026
5.955608619
5.963373116
5.970735475
5.977703651
5.98428549
5.990488438
5.996319857
6.001787104
6.006897539
6.011658518
6.016077192
6.020160356
6.023914766
6.027347178
6.03046435
6.033273023
6.035779642
6.037990382
6.039911407
6.041548883
6.042908976
6.043997803
6.044821129
6.04538455
6.04569366
6.045754055
6.045571331
6.045150983
6.044498149
6.043617883
6.042515239
6.041195272
6.039663033
6.037923408
6.035980976
6.033840285
6.03150588
6.028982309
6.026274109
6.023385584
6.02032082
6.017083892
6.013678876
6.010109848
6.006380853
6.002495667
5.998457933
5.994271293
5.989939389
5.985465862
5.980854289
5.976107978
5.971230176
5.966224125
5.961093072
5.95584026
5.95046882
5.944981661
5.939381665
5.933671718
5.9278547
5.92193349
5.91591081
5.909789223
5.903571284
5.897259551
5.890856577
5.8843649
5.87778688
5.871124776
5.86438085
5.857557362
5.850656573
5.843680703
5.836631796
5.829511846
5.822322849
5.8150668
5.807745695
5.800361458
5.792915869
5.785410683
5.777847658
5.770228554
5.762555123
5.754829026
5.747051814
5.739225032
5.731350226
5.723428941
5.715462714
5.707452968
5.699401061
5.691308349
5.683176191
5.675005941
5.666798935
5.658556395
5.650279511
5.64196947
5.633627463
5.625254678
5.616852265
5.608421277
5.599962755
5.59147774
5.58296727
5.574432386
5.56587407
5.557293234
5.548690789
5.540067641
5.5314247
5.52276287
5.514082987
5.505385844
5.496672234
5.487942949
5.479198781
5.470440512
5.461668853
5.452884494
5.444088126
5.435280438
5.42646212
5.417633841
5.408796208
5.399949823
5.391095284
5.382233192
5.373364145
5.36448871
5.355607412
5.34672077
5.337829304
5.328933535
5.320033982
5.311131127
5.302225419
5.293317304
5.28440723
5.275495643
5.266582991
5.2576697
5.248756157
5.239842741
5.230929831
5.222017808
5.213107051
5.204197935
5.1952908
5.186385967
5.177483758
5.168584495
5.1596885
5.150796093
5.141907578
5.133023229
5.124143316
5.115268113
5.106397891
5.097532922
5.088673472
5.079819779
5.070972072
5.062130579
5.05329553
5.044467153
5.035645677
5.026831313
5.018024252
5.009224687
5.00043281
4.991648813
4.982872887
4.974105219
4.965345973
4.956595309
4.947853388
4.93912037
4.930396415
4.921681681
4.912976314
4.904280447
4.895594212
4.886917743
4.878251172
4.869594634
4.860948255
4.852312147
4.84368642
4.835071181
4.826466539
4.817872603
4.809289481
4.800717278
4.792156085
4.783605987
4.775067071
4.766539424
4.758023133
4.749518284
4.741024963
4.732543242
4.724073191
4.715614877
4.707168368
4.698733733
4.69031104
4.681900357
4.673501744
4.665115253
4.656740937
4.648378849
4.640029043
4.63169157
4.623366484
4.615053832
4.606753655
4.598465993
4.590190885
4.581928373
4.573678495
4.565441292
4.557216801
4.549005052
4.540806076
4.5326199
4.524446554
4.516286068
4.50813847
4.500003789
4.491882047
4.483773264
4.475677461
4.467594657
4.459524874
4.451468131
4.443424448
4.43539384
4.427376322
4.419371904
4.411380601
4.403402425
4.395437389
4.387485506
4.379546785
4.371621234
4.363708859
4.355809666
4.347923663
4.340050855
4.332191249
4.324344851
4.316511663
4.308691688
4.300884925
4.293091376
4.285311042
4.277543924
4.269790024
4.262049341
4.254321872
4.246607615
4.238906566
4.231218722
4.223544079
4.215882634
4.208234384
4.200599323
4.192977446
4.185368746
4.177773215
4.170190846
4.162621634
4.15506557
4.147522647
4.139992858
4.132476192
4.12497264
4.117482192
4.110004837
4.102540567
4.095089371
4.087651239
4.08022616
4.072814122
4.065415112
4.058029119
4.050656129
4.043296132
4.035949114
4.028615064
4.021293967
4.013985809
4.006690578
3.999408257
3.992138834
3.984882295
3.977638624
3.970407809
3.963189833
3.955984681
3.948792337
3.941612786
3.934446012
3.927292
3.920150735
3.9130222
3.905906378
3.898803253
3.891712808
3.884635027
3.877569892
3.870517388
3.863477497
3.856450202
3.849435486
3.842433331
3.835443719
3.828466632
3.821502054
3.814549967
3.807610352
3.800683193
3.793768469
3.786866164
3.779976259
3.773098736
3.766233576
3.759380761
3.752540273
3.745712093
3.738896203
3.732092582
3.725301213
3.718522077
3.711755155
3.705000429
3.698257879
3.691527486
3.684809231
3.678103094
3.671409058
3.664727102
3.658057208
3.651399356
3.644753526
3.638119701
3.631497859
3.624887982
3.618290051
3.611704046
3.605129947
3.598567735
3.592017391
3.585478894
3.578952227
3.572437368
3.565934298
3.559442999
3.552963449
3.54649563
3.540039523
3.533595107
3.527162362
3.52074127
3.51433181
3.507933963
3.501547709
3.495173029
3.488809903
3.482458311
3.476118234
3.469789652
3.463472545
3.457166894
3.450872679
3.444589881
3.43831848
3.432058455
3.425809789
3.41957246
3.41334645
3.407131739
3.400928307
3.394736134
3.388555202
3.382385491
3.37622698
3.370079652
3.363943485
3.357818461
3.35170456
3.345601762
3.339510049
3.333429401
3.327359798
3.321301221
3.31525365
3.309217067
3.303191452
3.297176785
3.291173047
3.28518022
3.279198283
3.273227218
3.267267004
3.261317624
3.255379058
3.249451286
3.24353429
3.23762805
3.231732548
3.225847764
3.219973679
3.214110274
3.208257531
3.202415429
3.196583951
3.190763076
3.184952787
3.179153065
3.17336389
3.167585244
3.161817109
3.156059464
3.150312292
3.144575573
3.138849289
3.133133421
3.127427951
3.12173286
3.116048129
3.11037374
3.104709675
3.099055914
3.093412439
3.087779232
3.082156274
3.076543546
3.070941032
3.065348711
3.059766566
3.054194579
3.048632731
3.043081004
3.03753938
3.032007839
3.026486365
3.02097494
3.015473544
3.00998216
3.004500771
2.999029357
2.993567901
2.988116385
2.982674791
2.977243101
2.971821297
2.966409361
2.961007276
2.955615024
2.950232586
2.944859946
2.939497085
2.934143986
2.928800631
2.923467002
2.918143082
2.912828854
2.907524299
2.902229401
2.896944142
2.891668504
2.88640247
2.881146022
2.875899144
2.870661817
2.865434024
2.860215749
2.855006974
2.849807682
2.844617856
2.839437478
2.834266531
2.829104999
2.823952863
2.818810107
2.813676714
2.808552668
2.803437951
2.798332546
2.793236436
2.788149606
2.783072037
2.778003712
2.772944616
2.767894731
2.762854041
2.757822527
2.752800175
2.747786968
2.742782888
2.73778792
2.732802047
2.727825253
2.72285752
2.717898834
2.712949176
2.70800853
2.703076881
2.698154211
2.693240504
2.688335744
2.683439916
2.678553002
2.673674987
2.668805854
2.663945588
2.659094172
2.65425159
2.649417826
2.644592865
2.639776688
2.634969282
2.630170629
2.625380714
2.620599521
2.615827035
2.61106324
2.606308119
2.601561658
2.596823839
2.592094649
2.58737407
2.582662087
2.577958685
2.573263847
2.568577558
2.563899803
2.559230566
2.554569832
2.549917585
2.54527381
2.540638492
2.536011615
2.531393164
2.526783123
2.522181477
2.517588211
2.513003309
2.508426756
2.503858537
2.499298637
2.49474704
2.490203733
2.4856687
2.481141925
2.476623394
2.472113091
2.467611002
2.463117112
2.458631405
2.454153866
2.449684481
2.445223235
2.440770113
2.436325101
2.431888184
2.427459347
2.423038576
2.418625855
2.41422117
2.409824507
2.405435851
2.401055187
2.3966825
2.392317776
2.387961
2.383612158
2.379271235
2.374938218
2.370613092
2.366295842
2.361986455
2.357684916
2.353391211
2.349105325
2.344827244
2.340556954
2.336294441
2.33203969
2.327792687
2.323553419
2.31932187
2.315098027
2.310881876
2.306673403
2.302472595
2.298279437
2.294093916
2.289916017
2.285745727
2.281583032
2.277427917
2.273280369
2.269140375
2.265007919
2.260882989
2.25676557
2.25265565
2.248553215
2.244458251
2.240370744
2.236290681
2.23221805
2.228152835
2.224095023
2.220044602
2.216001557
2.211965874
2.207937541
2.203916544
2.199902869
2.195896504
2.191897434
2.187905648
2.183921131
2.179943871
2.175973854
2.172011067
2.168055497
2.164107131
2.160165956
2.156231958
2.152305124
2.148385442
2.144472897
2.140567477
2.136669169
2.132777961
2.128893839
2.12501679
2.121146803
2.117283863
2.113427959
2.109579077
2.105737205
2.10190233
2.098074438
2.094253518
2.090439557
2.086632541
2.082832458
2.079039295
2.075253039
2.071473679
2.067701201
2.063935593
2.060176843
2.056424938
2.052679867
2.048941616
2.045210173
2.041485526
2.037767662
2.034056569
2.030352235
2.026654647
2.022963793
2.019279661
2.015602237
2.01193151
2.008267468
2.004610098
2.000959388
1.997315327
1.993677903
1.990047103
1.986422916
1.982805329
1.97919433
1.975589908
1.97199205
1.968400745
1.96481598
1.961237744
1.957666023
1.954100808
1.950542084
1.946989841
1.943444068
1.939904751
1.93637188
1.932845443
1.929325428
1.925811824
1.922304619
1.918803801
1.915309359
1.911821281
1.908339556
1.904864172
1.901395117
1.897932379
1.894475948
1.891025811
1.887581956
1.884144373
1.88071305
1.877287977
1.87386914
1.87045653
1.867050135
1.863649944
1.860255946
1.856868129
1.853486481
1.850110993
1.846741651
1.843378446
1.840021366
1.8366704
1.833325536
1.829986762
1.826654069
1.823327445
1.820006878
1.816692359
1.813383876
1.810081418
1.806784975
1.803494535
1.800210089
1.796931623
1.793659129
1.790392595
1.787132011
1.783877364
1.780628645
1.777385843
1.774148946
1.770917944
1.767692826
1.764473581
1.761260198
1.758052666
1.754850975
1.751655115
1.748465075
1.745280845
1.742102413
1.738929771
1.735762906
1.732601809
1.729446469
1.726296876
1.723153019
1.720014888
1.716882472
1.713755762
1.710634745
1.707519412
1.704409753
1.701305757
1.698207413
1.695114711
1.692027641
1.688946192
1.685870355
1.682800119
1.679735475
1.676676412
1.67362292
1.670574989
1.66753261
1.664495771
1.661464463
1.658438676
1.6554184
1.652403625
1.64939434
1.646390535
1.643392201
1.640399328
1.637411904
1.634429921
1.631453368
1.628482235
1.625516513
1.622556191
1.61960126
1.616651711
1.613707533
1.610768718
1.607835255
1.604907134
1.601984346
1.599066881
1.59615473
1.593247883
1.590346329
1.58745006
1.584559066
1.581673337
1.578792863
1.575917634
1.573047642
1.570182876
1.567323326
1.564468983
1.561619839
1.558775883
1.555937106
1.5531035
1.550275053
1.547451759
1.544633606
1.541820585
1.539012688
1.536209905
1.533412227
1.530619643
1.527832146
1.525049725
1.522272372
1.519500076
1.516732829
1.513970621
1.511213444
1.508461285
1.505714138
1.502971991
1.500234838
1.497502669
1.494775475
1.492053247
1.489335977
1.486623655
1.483916273
1.481213822
1.478516293
1.475823677
1.473135965
1.470453149
1.46777522
1.465102168
1.462433986
1.459770663
1.457112192
1.454458564
1.451809769
1.449165798
1.446526644
1.443892296
1.441262747
1.438637987
1.436018008
1.4334028
1.430792355
1.428186664
1.425585718
1.422989509
1.420398027
1.417811263
1.415229209
1.412651856
1.410079196
1.407511218
1.404947917
1.402389282
1.399835307
1.397285982
1.3947413
1.392201252
1.389665829
1.387135024
1.384608829
1.382087234
1.379570233
1.377057816
1.374549975
1.372046702
1.369547988
1.367053826
1.364564208
1.362079124
1.359598566
1.357122528
1.354650999
1.352183972
1.349721438
1.34726339
1.344809818
1.342360716
1.339916074
1.337475884
1.335040138
1.332608827
1.330181944
1.32775948
1.325341427
1.322927776
1.32051852
1.318113649
1.315713157
1.313317036
1.310925277
1.308537874
1.306154818
1.303776102
1.301401718
1.299031657
1.296665914
1.294304479
1.291947344
1.289594503
1.287245948
1.28490167
1.282561661
1.280225915
1.277894423
1.275567178
1.273244171
1.270925396
1.268610844
1.266300507
1.263994378
1.261692449
1.259394712
1.25710116
1.254811785
1.252526578
1.250245533
1.247968641
1.245695895
1.243427286
1.241162809
1.238902455
1.236646217
1.234394087
1.232146059
1.229902125
1.227662277
1.225426509
1.223194813
1.220967181
1.218743607
1.216524082
1.214308601
1.212097154
1.209889735
1.207686337
1.205486952
1.203291573
1.201100193
1.198912804
1.196729399
1.19454997
1.19237451
1.190203013
1.188035469
1.185871873
1.183712217
1.181556494
1.179404695
1.177256815
1.175112845
1.172972778
1.170836609
1.168704329
1.166575933
1.164451412
1.162330761
1.160213971
1.158101037
1.155991951
1.153886706
1.151785296
1.149687713
1.147593951
1.145504002
1.14341786
1.141335517
1.139256968
1.137182204
1.135111219
1.133044005
1.130980557
1.128920867
1.126864928
1.124812734
1.122764276
1.120719549
1.118678545
1.116641258
1.11460768
1.112577805
1.110551625
1.108529135
1.106510328
1.104495196
1.102483735
1.100475936
1.098471794
1.096471302
1.094474454
1.092481242
1.09049166
1.088505703
1.086523362
1.084544632
1.082569506
1.080597977
1.07863004
1.076665687
1.074704911
1.072747707
1.070794068
1.068843986
1.066897457
1.064954472
1.063015026
1.061079111
1.059146722
1.057217852
1.055292494
1.053370642
1.051452288
1.049537428
1.047626054
1.045718161
1.043813742
1.041912791
1.040015302
1.038121268
1.036230684
1.034343543
1.03245984
1.030579567
1.028702718
1.026829288
1.024959271
1.023092659
1.021229447
1.019369629
1.017513198
1.015660149
1.013810474
1.011964169
1.010121226
1.008281639
1.006445403
1.004612511
1.002782956
1.000956734
0.999133836
0.997314258
0.995497993
0.993685035
0.991875378
0.990069016
0.988265943
0.986466154
0.984669642
0.982876401
0.981086427
0.979299712
0.977516252
0.97573604
0.97395907
0.972185336
0.970414833
0.968647555
0.966883496
0.96512265
0.963365011
0.961610574
0.959859332
0.958111279
0.956366411
0.95462472
0.952886201
0.951150848
0.949418656
0.947689618
0.945963729
0.944240982
0.942521372
0.940804894
0.93909154
0.937381307
0.935674188
0.933970178
0.932269271
0.930571462
0.928876745
0.927185114
0.925496565
0.92381109
0.922128685
0.920449345
0.918773062
0.917099833
0.915429651
0.913762511
0.912098407
0.910437333
0.908779285
0.907124255
0.90547224
0.903823233
0.902177228
0.900534221
0.898894207
0.897257179
0.895623132
0.893992061
0.892363961
0.890738826
0.889116651
0.88749743
0.885881159
0.88426783
0.882657441
0.881049984
0.879445454
0.877843847
0.876245156
0.874649376
0.873056503
0.87146653
0.869879452
0.868295265
0.866713962
0.865135539
0.863559991
0.861987313
0.860417498
0.858850543
0.857286441
0.855725188
0.854166778
0.852611207
0.851058469
0.849508558
0.847961471
0.8464172
0.844875742
0.843337092
0.841801243
0.840268191
0.83873793
0.837210456
0.835685764
0.834163849
0.832644705
0.831128328
0.829614712
0.828103853
0.826595746
0.825090386
0.823587767
0.822087885
0.820590734
0.81909631
0.817604608
0.816115622
0.814629348
0.813145781
0.811664915
0.810186746
0.808711269
0.807238478
0.80576837
0.804300939
0.80283618
0.801374089
0.799914661
0.79845789
0.797003773
0.795552304
0.794103479
0.792657292
0.791213739
0.789772815
0.788334515
0.786898835
0.78546577
0.784035314
0.782607463
0.781182212
0.779759557
0.778339492
0.776922013
0.775507116
0.774094795
0.772685047
0.771277866
0.769873248
0.768471188
0.767071682
0.765674724
0.76428031
0.762888436
0.761499097
0.760112288
0.758728005
0.757346243
0.755966997
0.754590262
0.753216035
0.75184431
0.750475083
0.74910835
0.747744106
0.746382346
0.745023067
0.743666263
0.74231193
0.740960063
0.739610659
0.738263712
0.736919219
0.735577174
0.734237573
0.732900411
0.731565685
0.730233389
0.72890352
0.727576072
0.726251041
0.724928424
0.723608215
0.722290411
0.720975006
0.719661998
0.71835138
0.71704315
0.715737302
0.714433832
0.713132736
0.71183401
0.710537649
0.709243649
0.707952006
0.706662714
0.705375771
0.70409117
0.70280891
0.701528984
0.700251389
0.698976121
0.697703176
0.696432549
0.695164236
0.693898233
0.692634535
0.691373139
0.690114041
0.688857235
0.687602719
0.686350487
0.685100535
0.68385286
0.682607457
0.681364321
0.68012345
0.678884838
0.677648482
0.676414377
0.67518252
0.673952907
0.672725533
0.671500394
0.670277486
0.669056806
0.667838349
0.666622111
0.665408088
0.664196276
0.662986671
0.661779268
0.660574064
0.659371055
0.658170236
0.656971604
0.655775154
0.654580882
0.653388786
0.65219886
0.651011101
0.649825506
0.648642069
0.647460788
0.646281659
0.645104676
0.643929838
0.64275714
0.641586577
0.640418146
0.639251844
0.638087666
0.636925608
0.635765666
0.634607838
0.633452118
0.632298503
0.631146989
0.629997571
0.628850248
0.627705013
0.626561864