0
3.494555646
5.386036772
5.515079667
5.118357157
4.629139713
4.158820265
3.73000624
3.344019756
2.997673487
2.687133702
2.408749853
2.159203248
1.935509041
1.734989493
1.55524382
1.394119871
1.249688396
1.120220155
1.004164859
0.900132943
0.806878795
0.723285795
0.648353067
0.581183379
4.015527954
5.853036397
5.933697799
5.493606334
4.965512891
4.46034504
4.000292917
3.586304614
3.214857528
2.881817382
2.583264219
2.315637848
2.075736949
1.860689726
1.667921452
1.495124037
1.340228516
1.201380268
1.076916746
0.965347701
0.865337275
0.775687952
0.695326337
0.623290207
4.053272364
5.886870544
5.964026791
5.520793183
4.989883185
4.482190557
4.019875229
3.603858191
3.230592546
2.895922245
2.595907811
2.32697156
2.085896483
1.869796728
1.676084965
1.502441819
1.346788145
1.207260327
1.08218763
0.97007252
0.869572603
0.779484497
0.698729558
0.626340845
4.056006946
5.889321827
5.966224125
5.52276287
4.991648813
4.483773264
4.021293967
3.605129947
3.231732548
2.896944142
2.596823839
2.327792687
2.086632541
1.87045653
1.676676412
1.502971991
1.34726339
1.207686337
1.082569506
0.970414833
0.869879452
0.779759557
0.698976121
0.626561864